
84430
7,0
 	
84639
6,0
 	
84926
3,0
 	
85140
3,0
 	
85202
8,0
84446
7,0
 	
84655
5,0
 	
84930
3,0
 	
85142
10,0
 	
85210
9,0
84451
5,0
 	
84656
3,0
 	
85022
5,0
 	
85143
8,0
 	
85214
9,0
84464
4,0
 	
84661
7,0
 	
85029
5,0
 	
85146
1,0
 	
85216
4,0
84472
7,0
 	
84701
7,0
 	
85032
1,0
 	
85147
6,0
 	
85229
4,0
84478
6,0
 	
84707
7,0
 	
85033
2,0
 	
85151
6,0
 	
85232
10,0
84485
6,0
 	
84723
6,0
 	
85085
5,0
 	
85152
5,0
 	
85233
8,0
84490
5,0
 	
84739
7,0
 	
85086
5,0
 	
85160
7,0
 	
85238
4,0
84494
3,0
 	
84755
6,0
 	
85099
4,0
 	
85164
8,0
 	
85240
6,0
84499
8,0
 	
84771
5,0
 	
85109
5,0
 	
85172
5,0
 	 	 
84510
4,0
 	
84808
7,0
 	
85112
5,0
 	
85177
3,0
 	 	 
84523
6,0
 	
84815
5,0
 	
85113
5,0
 	
85180
3,0
 	 	 
84541
4,0
 	
84847
7,0
 	
85114
7,0
 	
85181
8,0
 	 	 
84596
7,0
 	
84879
2,0
 	
85127
6,0
 	
85190
4,0
 	 	 
84616
8,0
 	
84888
4,0
 	
85138
3,0
 	
85192
9,0
 